  Lx=5sm , nk=50000 , nsx=151 , interval= ( 2 : 4 ,sm ).
ษออออออออออออออออออออออออออออออออออออออออออออออออออออออออออออออออออออออออป
บ N    E     e      ftot    fel   fex     fio    stot    sel   sex   sio บ
บ 1   40  14.009  42.657 41.730   .633   .294 13.590  13.431  .113  .046 บ
บ 2   50  16.055  43.342 41.995   .856   .491 13.088  12.866  .148  .074 บ
บ 3   60  18.123  43.883 42.087  1.074   .721 12.660  12.375  .181  .104 บ
บ 4   70  20.294  44.317 42.046  1.291   .979 12.263  11.914  .211  .138 บ
บ 5   80  22.608  44.797 42.039  1.498  1.260 11.893  11.484  .238  .172 บ
บ 6   90  24.977  45.238 41.991  1.697  1.550 11.561  11.093  .263  .205 บ
บ 7  100  27.479  45.652 41.906  1.891  1.855 11.228  10.702  .286  .240 บ
บ 8  110  29.897  45.999 41.800  2.059  2.140 10.959  10.384  .304  .270 บ
บ 9  120  32.677  46.425 41.715  2.247  2.462 10.653  10.024  .324  .304 บ
บ10  130  35.444  46.751 41.566  2.409  2.776 10.405   9.730  .340  .335 บ
บ11  140  38.449  47.100 41.418  2.577  3.105 10.154   9.432  .356  .366 บ
บ12  150  41.465  47.406 41.263  2.731  3.412  9.923   9.159  .369  .395 บ
บ13  160  44.349  47.632 41.063  2.869  3.700  9.728   8.927  .381  .420 บ
บ14  170  47.395  47.934 40.942  3.000  3.991  9.527   8.690  .391  .446 บ
บ15  180  50.745  48.200 40.791  3.128  4.281  9.337   8.467  .400  .469 บ
บ16  190  54.134  48.483 40.643  3.262  4.577  9.131   8.227  .410  .494 บ
บ17  200  57.630  48.740 40.505  3.377  4.858  8.959   8.028  .417  .515 บ
ศออออออออออออออออออออออออออออออออออออออออออออออออออออออออออออออออออออออออผ
