  Lx=5sm , nk=50000 , nsx=151 , interval= ( 2 : 4 ,sm ).
ษอออออออออออออออออออออออออออออออออออออออออออออออออออออออออออออออออออออออออออป
บ N    E     e       ex      ey       e*e      v       vx      vy      vd   บ
บ 1   40  14.009   5.287   8.722   311.786   3.478   1.848   2.644    .687  บ
บ 2   50  16.055   6.315   9.740   423.266   3.710   2.013   2.785    .865  บ
บ 3   60  18.123   7.395  10.728   557.465   3.925   2.168   2.912   1.040  บ
บ 4   70  20.294   8.618  11.676   717.515   4.136   2.334   3.027   1.224  บ
บ 5   80  22.608   9.982  12.627   916.004   4.349   2.508   3.137   1.407  บ
บ 6   90  24.977  11.441  13.537  1145.055   4.557   2.678   3.241   1.592  บ
บ 7  100  27.479  12.899  14.580  1407.075   4.768   2.839   3.353   1.758  บ
บ 8  110  29.897  14.437  15.460  1707.006   4.958   3.005   3.442   1.936  บ
บ 9  120  32.677  16.212  16.465  2059.834   5.175   3.187   3.546   2.120  บ
บ10  130  35.444  17.982  17.461  2468.257   5.374   3.348   3.641   2.293  บ
บ11  140  38.449  19.908  18.541  2941.581   5.584   3.525   3.743   2.481  บ
บ12  150  41.465  21.969  19.496  3473.320   5.785   3.700   3.827   2.657  บ
บ13  160  44.349  23.922  20.428  4021.851   5.968   3.855   3.908   2.830  บ
บ14  170  47.395  26.107  21.287  4629.007   6.161   4.040   3.981   3.007  บ
บ15  180  50.745  28.379  22.366  5396.089   6.359   4.201   4.073   3.177  บ
บ16  190  54.134  30.704  23.430  6164.500   6.563   4.381   4.158   3.354  บ
บ17  200  57.630  33.035  24.595  7042.946   6.759   4.539   4.250   3.525  บ
ศอออออออออออออออออออออออออออออออออออออออออออออออออออออออออออออออออออออออออออผ


