
1	1.903	30.792	1.216
2	1.903	30.792	1.216
3	1.445	24.612	1.034
4	1.450	25.045	1.057
5	1.450	25.045	1.057
6	1.378	25.389	1.155
7	1.391	26.094	1.229
8	1.391	26.094	1.229
9	1.391	26.094	1.229
10	1.364	25.605	1.210
11	1.364	25.605	1.210
12	1.396	25.728	1.185
13	1.396	25.728	1.185
14	1.396	25.728	1.185
15	1.361	25.146	1.175
16	1.361	25.146	1.175
17	1.363	25.202	1.168
18	1.357	25.331	1.182
19	1.357	25.331	1.182
20	1.357	25.331	1.182
21	1.371	25.632	1.193
22	1.380	25.821	1.199
23	1.408	25.885	1.181
24	1.409	25.837	1.174
25	1.409	25.837	1.174
26	1.409	25.829	1.174
27	1.409	25.829	1.174
28	1.396	25.697	1.177
29	1.374	25.562	1.184
30	1.377	25.611	1.186
31	1.377	25.611	1.186
32	1.377	25.611	1.186
33	1.378	25.537	1.172
34	1.378	25.537	1.172
35	1.375	25.384	1.161
36	1.375	25.384	1.161
37	1.355	25.034	1.150
38	1.359	24.942	1.139
39	1.366	25.029	1.142
40	1.368	25.054	1.145
41	1.359	25.056	1.152
42	1.359	25.056	1.152
43	1.359	25.056	1.152
44	1.359	25.056	1.152
45	1.359	25.056	1.152
46	1.363	25.077	1.151
47	1.363	25.077	1.151
48	1.363	25.077	1.151
49	1.363	25.077	1.151
50	1.363	25.077	1.151
51	1.365	25.128	1.154
52	1.369	25.045	1.141
53	1.369	25.045	1.141
54	1.369	25.045	1.141
55	1.367	24.947	1.132
56	1.367	24.978	1.136
57	1.358	24.843	1.132
58	1.358	24.843	1.132
59	1.358	24.843	1.132
60	1.359	24.769	1.130
61	1.353	24.733	1.130
62	1.353	24.733	1.130
63	1.350	24.683	1.124
64	1.350	24.683	1.124
65	1.345	24.634	1.123
66	1.345	24.663	1.126
67	1.345	24.663	1.126
68	1.345	24.663	1.126
69	1.337	24.576	1.127
70	1.332	24.591	1.133
71	1.332	24.591	1.133
72	1.333	24.585	1.130
73	1.329	24.414	1.121
74	1.329	24.414	1.121
75	1.327	24.409	1.123
76	1.326	24.334	1.118
77	1.326	24.334	1.118
78	1.326	24.334	1.118
79	1.324	24.289	1.117
80	1.324	24.289	1.117
81	1.328	24.335	1.116
82	1.328	24.335	1.116
83	1.328	24.335	1.116
84	1.329	24.334	1.116
85	1.328	24.321	1.116
86	1.333	24.389	1.118
87	1.333	24.389	1.118
88	1.333	24.389	1.118
89	1.333	24.389	1.118
90	1.333	24.389	1.118
91	1.333	24.389	1.118
92	1.333	24.389	1.118
93	1.332	24.388	1.120
94	1.334	24.394	1.118
95	1.333	24.418	1.121
96	1.333	24.418	1.121
97	1.333	24.418	1.121
98	1.333	24.424	1.120
99	1.333	24.424	1.120
100	1.333	24.424	1.120
101	1.335	24.404	1.118
102	1.335	24.404	1.118
103	1.335	24.407	1.119
104	1.334	24.356	1.115
105	1.332	24.306	1.112
106	1.332	24.306	1.112
107	1.332	24.295	1.113
108	1.334	24.310	1.113
109	1.329	24.209	1.112
110	1.329	24.209	1.112
111	1.331	24.238	1.113
112	1.331	24.238	1.113
113	1.332	24.281	1.116
114	1.330	24.264	1.116
115	1.330	24.264	1.116
116	1.331	24.239	1.114
117	1.332	24.224	1.112
118	1.331	24.195	1.109
119	1.331	24.195	1.109
120	1.329	24.153	1.105
121	1.325	24.121	1.106
122	1.325	24.121	1.106
123	1.326	24.183	1.110
124	1.332	24.258	1.112
125	1.332	24.285	1.113
126	1.331	24.289	1.115
127	1.329	24.260	1.114
128	1.329	24.260	1.114
129	1.329	24.260	1.114
130	1.329	24.282	1.115
131	1.325	24.239	1.115
132	1.324	24.204	1.113
133	1.324	24.204	1.113
134	1.325	24.240	1.115
135	1.325	24.231	1.114
136	1.325	24.231	1.114
137	1.328	24.270	1.116
138	1.328	24.264	1.116
139	1.328	24.264	1.116
140	1.328	24.264	1.116
141	1.330	24.262	1.115
142	1.330	24.262	1.115
143	1.331	24.264	1.114
144	1.331	24.266	1.115
145	1.329	24.219	1.113
146	1.327	24.194	1.114
147	1.329	24.228	1.115
148	1.332	24.262	1.115
149	1.332	24.262	1.115
150	1.334	24.259	1.112
151	1.334	24.222	1.108
152	1.333	24.196	1.107
153	1.333	24.192	1.106
154	1.333	24.192	1.106
155	1.333	24.192	1.106
156	1.333	24.192	1.106
157	1.334	24.208	1.106
158	1.335	24.206	1.105
159	1.335	24.216	1.105
160	1.334	24.219	1.107
161	1.333	24.215	1.108
162	1.333	24.215	1.108
163	1.333	24.215	1.108
164	1.332	24.210	1.109
165	1.332	24.154	1.106
166	1.332	24.167	1.106
167	1.332	24.167	1.106
168	1.332	24.167	1.106
169	1.332	24.167	1.106
170	1.332	24.158	1.105
171	1.332	24.158	1.105
172	1.333	24.167	1.106
173	1.332	24.129	1.102
174	1.332	24.129	1.102
175	1.331	24.120	1.102
176	1.331	24.120	1.102
177	1.331	24.133	1.103
178	1.331	24.133	1.103
179	1.331	24.129	1.102
180	1.331	24.127	1.103
181	1.330	24.120	1.103
182	1.331	24.124	1.104
183	1.333	24.128	1.103
184	1.331	24.105	1.103
185	1.333	24.141	1.105
186	1.333	24.141	1.105
187	1.333	24.141	1.105
188	1.332	24.108	1.103
189	1.332	24.108	1.103
190	1.332	24.120	1.104
191	1.332	24.113	1.104
192	1.329	24.101	1.104
193	1.326	24.091	1.106
194	1.327	24.111	1.106
195	1.327	24.111	1.106
196	1.326	24.102	1.107
197	1.324	24.087	1.107
198	1.324	24.087	1.107
199	1.323	24.051	1.106
200	1.321	24.022	1.103
201	1.321	24.022	1.103
202	1.322	24.028	1.104
203	1.322	24.028	1.104
204	1.321	24.050	1.106
205	1.320	24.050	1.106
206	1.322	24.052	1.105
207	1.321	24.013	1.104
208	1.321	24.022	1.105
209	1.319	24.007	1.106
210	1.319	24.007	1.106
211	1.320	24.015	1.106
212	1.320	24.015	1.106
213	1.320	24.017	1.106