  N    E     e       ex      ey       e*e      v       vx      vy      vd  
  1   40  13.979   5.284   8.695   311.107   3.473   1.847   2.640    .685
  2   50  16.130   6.336   9.794   427.871   3.719   2.017   2.793    .868
  3   60  18.002   7.354  10.648   553.848   3.909   2.159   2.901   1.032
  4   70  20.265   8.620  11.645   719.033   4.132   2.335   3.023   1.222
  5   80  22.610   9.984  12.625   919.478   4.351   2.508   3.138   1.409
  6   90  25.138  11.485  13.653  1162.627   4.573   2.685   3.255   1.596
  7  100  27.490  12.911  14.579  1422.438   4.766   2.837   3.352   1.759
  8  110  29.999  14.523  15.476  1730.289   4.964   3.011   3.444   1.942
  9  120  32.788  16.232  16.556  2093.715   5.179   3.183   3.554   2.123
 10  130  35.552  18.054  17.498  2515.043   5.376   3.353   3.641   2.296
 11  140  38.607  20.075  18.532  2997.570   5.591   3.540   3.740   2.492
 12  150  41.540  22.014  19.526  3529.196   5.785   3.702   3.827   2.663
 13  160  44.503  23.973  20.530  4111.874   5.971   3.855   3.914   2.825
 14  170  47.653  26.247  21.406  4739.152   6.173   4.045   3.990   3.015
 15  180  50.979  28.569  22.410  5519.871   6.367   4.217   4.071   3.195
 16  190  54.427  31.014  23.413  6324.196   6.574   4.399   4.157   3.374
 17  200  57.838  33.236  24.603  7192.137   6.766   4.545   4.249   3.531
