  N    E     e      ftot    fel   fex     fio    stot    sel   sex   sio
  1   40  13.979  42.633 41.709   .631   .293 13.602  13.444  .113  .046
  2   50  16.130  43.382 42.023   .861   .497 13.068  12.845  .149  .075
  3   60  18.002  43.826 42.056  1.059   .710 12.696  12.416  .178  .103
  4   70  20.265  44.315 42.055  1.286   .974 12.272  11.925  .210  .137
  5   80  22.610  44.829 42.079  1.494  1.255 11.890  11.482  .237  .171
  6   90  25.138  45.287 42.015  1.709  1.562 11.526  11.055  .264  .207
  7  100  27.490  45.644 41.907  1.887  1.850 11.237  10.713  .285  .239
  8  110  29.999  46.011 41.800  2.062  2.148 10.951  10.376  .304  .271
  9  120  32.788  46.416 41.692  2.252  2.472 10.656  10.026  .325  .305
 10  130  35.552  46.736 41.549  2.409  2.778 10.408   9.733  .340  .334
 11  140  38.607  47.105 41.413  2.581  3.110 10.147   9.424  .356  .367
 12  150  41.540  47.393 41.255  2.728  3.409  9.929   9.166  .369  .394
 13  160  44.503  47.633 41.071  2.864  3.698  9.732   8.933  .380  .419
 14  170  47.653  47.944 40.935  3.007  4.002  9.517   8.679  .392  .446
 15  180  50.979  48.173 40.749  3.134  4.289  9.330   8.460  .401  .470
 16  190  54.427  48.494 40.644  3.265  4.585  9.123   8.219  .410  .494
 17  200  57.838  48.723 40.481  3.380  4.862  8.951   8.019  .417  .515
