  N    E     e       fio/e       as      time ( min ) 
  1   40  13.979     .0073     .2331       50.80
  2   50  16.130     .0114     .3278       50.30
  3   60  18.002     .0153     .5287       52.00
  4   70  20.265     .0198     .5545       53.81
  5   80  22.610     .0241     .6456       56.48
  6   90  25.138     .0285    1.4975       61.87
  7  100  27.490     .0322    1.1607       63.79
  8  110  29.999     .0358     .8963       68.75
  9  120  32.788     .0395    1.1984       72.81
 10  130  35.552     .0426    1.3198       75.85
 11  140  38.607     .0458    1.4209       80.15
 12  150  41.540     .0485    1.5791       84.48
 13  160  44.503     .0508    1.6480       87.93
 14  170  47.653     .0533    1.7072       92.99
 15  180  50.979     .0553    1.5943       96.19
 16  190  54.427     .0573    2.0753       99.17
 17  200  57.838     .0590    3.5829      104.47
