4
1000
ilav	vdr	enr	fio	
1.000	1.769	1.141	0.854	
2.000	1.229	1.005	0.852	
3.000	1.129	1.053	0.986	
4.000	1.088	0.989	0.897	
5.000	1.088	0.989	0.897	
6.000	1.088	0.989	0.897	
7.000	1.088	0.989	0.897	
8.000	1.068	0.999	0.943	
9.000	1.068	0.999	0.943	
10.000	1.083	1.009	0.945	
11.000	1.058	0.990	0.921	
12.000	1.058	0.990	0.921	
13.000	1.073	0.999	0.925	
14.000	1.035	0.984	0.947	
15.000	1.035	0.984	0.947	
16.000	1.041	0.986	0.949	
17.000	1.041	0.986	0.949	
18.000	1.041	0.986	0.949	
19.000	1.052	1.000	0.960	
20.000	1.049	0.999	0.957	
21.000	1.049	0.999	0.957	
22.000	1.049	0.999	0.957	
23.000	1.049	0.999	0.953	
24.000	1.045	0.990	0.947	
25.000	1.045	0.990	0.947	
26.000	1.052	0.991	0.940	
27.000	1.052	0.991	0.940	
28.000	1.052	0.991	0.940	
29.000	1.052	0.991	0.940	
30.000	1.052	0.991	0.940	
31.000	1.052	0.991	0.940	
32.000	1.045	0.993	0.953	
33.000	1.035	1.007	0.989	
34.000	1.035	1.015	1.003	
35.000	1.032	1.008	0.996	
36.000	1.036	1.016	1.006	
37.000	1.029	1.011	1.010	
38.000	1.024	1.001	0.990	
39.000	1.024	1.001	0.990	
40.000	1.021	1.005	0.997	
41.000	1.027	1.013	1.007	
42.000	1.032	1.009	0.998	
43.000	1.032	1.009	0.998	
44.000	1.036	1.013	1.002	
45.000	1.039	1.012	0.998	
46.000	1.042	1.020	1.012	
47.000	1.045	1.026	1.020	
48.000	1.035	1.021	1.014	
49.000	1.035	1.021	1.014	
50.000	1.035	1.021	1.014	
51.000	1.035	1.021	1.014	
52.000	1.029	1.014	1.006	
53.000	1.029	1.014	1.006	
54.000	1.029	1.017	1.008	
55.000	1.029	1.017	1.008	
56.000	1.029	1.017	1.008	
57.000	1.029	1.017	1.008	
58.000	1.029	1.017	1.008	
59.000	1.029	1.017	1.008	
60.000	1.032	1.018	1.007	
61.000	1.042	1.017	0.992	
62.000	1.042	1.017	0.992	
63.000	1.042	1.017	0.992	
64.000	1.042	1.017	0.992	
65.000	1.042	1.017	0.992	
66.000	1.042	1.017	0.992	
67.000	1.042	1.017	0.992	
68.000	1.042	1.017	0.992	
69.000	1.042	1.017	0.992	
70.000	1.042	1.017	0.992	
71.000	1.042	1.017	0.992	
72.000	1.042	1.016	0.989	
73.000	1.042	1.016	0.989	
74.000	1.036	1.016	0.996	
75.000	1.043	1.021	0.999	
76.000	1.051	1.022	0.994	
77.000	1.041	1.014	0.993	
78.000	1.040	1.014	0.996	
79.000	1.040	1.014	0.996	
80.000	1.041	1.016	0.997	
81.000	1.031	1.008	0.989	
82.000	1.029	1.005	0.985	
83.000	1.026	1.004	0.987	
84.000	1.026	1.004	0.987	
85.000	1.028	1.001	0.980	
86.000	1.032	1.004	0.980	
87.000	1.029	1.007	0.986	
88.000	1.035	1.010	0.987	
89.000	1.035	1.010	0.987	
90.000	1.035	1.009	0.982	
91.000	1.035	1.009	0.982	
92.000	1.023	0.999	0.976	
93.000	1.023	0.999	0.976	
94.000	1.019	0.994	0.971	
95.000	1.018	0.993	0.972	
96.000	1.019	0.993	0.971	
97.000	1.019	0.993	0.971	
98.000	1.019	0.993	0.971	
99.000	1.022	0.996	0.974	
100.000	1.022	0.996	0.974	
101.000	1.025	0.998	0.973	
102.000	1.025	0.998	0.973	
103.000	1.024	0.999	0.974	
104.000	1.023	0.998	0.974	
105.000	1.023	0.998	0.974	
106.000	1.023	0.998	0.974	
107.000	1.023	0.998	0.974	
108.000	1.023	0.998	0.974	
109.000	1.022	0.998	0.976	
110.000	1.028	1.000	0.974	
111.000	1.025	1.001	0.979	
112.000	1.027	1.000	0.976	
113.000	1.027	1.000	0.976	
114.000	1.027	1.000	0.976	
115.000	1.022	0.998	0.976	
116.000	1.015	0.996	0.981	
117.000	1.015	0.996	0.981	
118.000	1.013	0.996	0.982	
119.000	1.012	0.997	0.984	
120.000	1.012	0.997	0.984	
121.000	1.010	0.992	0.978	
122.000	1.010	0.992	0.978	
123.000	1.010	0.992	0.978	
124.000	1.012	0.992	0.977	
125.000	1.013	0.993	0.974	
126.000	1.015	0.994	0.976	
127.000	1.012	0.993	0.977	
128.000	1.012	0.993	0.977	
129.000	1.012	0.993	0.977	
130.000	1.012	0.993	0.977	
131.000	1.010	0.992	0.974	
132.000	1.010	0.992	0.974	
133.000	1.012	0.992	0.970	
134.000	1.014	0.992	0.969	
135.000	1.014	0.992	0.969	
136.000	1.014	0.992	0.967	
137.000	1.014	0.992	0.967	
138.000	1.014	0.992	0.967	
139.000	1.013	0.995	0.973	
140.000	1.015	0.996	0.974	
141.000	1.016	0.997	0.975	
142.000	1.019	0.996	0.972	
143.000	1.019	0.995	0.972	
144.000	1.019	0.996	0.972	
145.000	1.019	0.996	0.972	
146.000	1.019	0.996	0.972	
147.000	1.020	0.997	0.972	
148.000	1.015	0.994	0.972	
149.000	1.015	0.994	0.972	
150.000	1.015	0.994	0.972	
151.000	1.015	0.994	0.972	
152.000	1.015	0.994	0.972	
153.000	1.015	0.994	0.972	
154.000	1.017	0.994	0.970	
155.000	1.017	0.994	0.970	
156.000	1.019	0.997	0.975	
157.000	1.017	0.994	0.971	
158.000	1.017	0.998	0.977	
159.000	1.017	0.998	0.977	
160.000	1.017	0.998	0.977	
161.000	1.017	0.998	0.977	
162.000	1.017	0.998	0.977	
163.000	1.017	0.998	0.977	
164.000	1.017	0.998	0.977	
165.000	1.018	0.998	0.976	
166.000	1.016	0.995	0.973	
167.000	1.019	0.996	0.974	
168.000	1.019	0.996	0.974	
169.000	1.015	0.994	0.972	
170.000	1.015	0.994	0.972	
171.000	1.015	0.994	0.972	
172.000	1.016	0.994	0.971	
173.000	1.015	0.994	0.972	
174.000	1.017	0.994	0.972	
175.000	1.018	0.995	0.971	
176.000	1.018	0.996	0.972	
177.000	1.017	0.995	0.971	
178.000	1.017	0.995	0.971	
179.000	1.017	0.995	0.971	
180.000	1.017	0.995	0.971	
181.000	1.017	0.995	0.971	
182.000	1.017	0.994	0.969	
183.000	1.016	0.993	0.966	
184.000	1.016	0.993	0.966	
185.000	1.016	0.993	0.966	
186.000	1.016	0.993	0.966	
187.000	1.016	0.993	0.966	
188.000	1.016	0.993	0.965	
189.000	1.017	0.994	0.965	
190.000	1.017	0.994	0.966	
191.000	1.017	0.994	0.966	
192.000	1.019	0.995	0.967	
193.000	1.019	0.997	0.969	
194.000	1.019	0.997	0.969	
195.000	1.019	0.998	0.969	
196.000	1.020	0.999	0.971	
197.000	1.022	1.000	0.972	
198.000	1.022	1.000	0.972	
199.000	1.022	1.000	0.972	
200.000	1.022	1.000	0.972	
201.000	1.023	1.001	0.972	
202.000	1.022	0.998	0.970	
203.000	1.022	0.998	0.970	
204.000	1.022	0.998	0.969	
205.000	1.023	0.999	0.970	
206.000	1.023	0.999	0.970	
207.000	1.021	0.998	0.969	
208.000	1.020	0.997	0.969	
209.000	1.016	0.996	0.971	
210.000	1.016	0.997	0.971	
211.000	1.016	0.995	0.970	
212.000	1.016	0.995	0.970	
213.000	1.015	0.997	0.973	
214.000	1.014	0.996	0.973	
215.000	1.012	0.996	0.973	
216.000	1.012	0.996	0.973	
217.000	1.012	0.998	0.976	
218.000	1.012	0.996	0.973	
219.000	1.013	0.997	0.974	
220.000	1.013	0.997	0.974	
221.000	1.012	0.998	0.975	
222.000	1.012	0.998	0.975	
223.000	1.013	0.999	0.977	
224.000	1.013	0.999	0.977	
225.000	1.013	0.999	0.977	
226.000	1.013	0.999	0.977	
227.000	1.013	0.999	0.977	
228.000	1.012	0.998	0.975	
229.000	1.008	0.995	0.973	
230.000	1.008	0.995	0.973	
231.000	1.008	0.995	0.973	
232.000	1.008	0.995	0.973	
233.000	1.008	0.995	0.973	
234.000	1.010	0.995	0.973	
235.000	1.009	0.995	0.973	
236.000	1.009	0.995	0.973	
237.000	1.009	0.995	0.973	
238.000	1.009	0.995	0.973	
239.000	1.009	0.996	0.975	
240.000	1.009	0.996	0.975	
241.000	1.009	0.996	0.975	
242.000	1.010	0.997	0.974	
243.000	1.009	0.996	0.973	
244.000	1.009	0.996	0.973	
245.000	1.011	0.996	0.972	
246.000	1.011	0.996	0.972	
247.000	1.010	0.997	0.974	
248.000	1.012	0.998	0.975	
249.000	1.012	0.998	0.975	
250.000	1.013	0.999	0.975	
251.000	1.013	1.000	0.979	
252.000	1.013	1.000	0.979	
253.000	1.014	0.999	0.978	
254.000	1.013	0.999	0.977	
255.000	1.012	0.999	0.978	
256.000	1.012	0.999	0.979	
257.000	1.012	1.000	0.980	
258.000	1.010	0.999	0.980	
259.000	1.010	0.999	0.980	
260.000	1.011	0.999	0.980	
261.000	1.011	0.999	0.980	
262.000	1.012	1.001	0.981	
263.000	1.012	1.001	0.982	
264.000	1.012	1.001	0.982	
265.000	1.012	1.001	0.982	
266.000	1.012	1.001	0.981	
267.000	1.012	0.999	0.980	
268.000	1.012	0.999	0.980	
269.000	1.012	0.999	0.980	
270.000	1.012	1.000	0.982	
271.000	1.012	0.998	0.980	
272.000	1.012	0.999	0.980	
273.000	1.013	0.999	0.980	
274.000	1.015	0.999	0.979	
275.000	1.017	1.000	0.979	
276.000	1.016	1.001	0.980	
277.000	1.016	1.001	0.980	
278.000	1.016	1.001	0.980	
279.000	1.017	1.001	0.980	
280.000	1.018	1.002	0.981	
281.000	1.018	1.001	0.980	
282.000	1.019	1.002	0.981	
283.000	1.020	1.002	0.981	
284.000	1.019	1.003	0.983	
285.000	1.020	1.003	0.982	
286.000	1.020	1.003	0.982	
287.000	1.019	1.003	0.983	
288.000	1.019	1.004	0.984	
289.000	1.019	1.004	0.984	
290.000	1.019	1.004	0.985	
291.000	1.019	1.004	0.985	
292.000	1.019	1.004	0.985	
293.000	1.019	1.004	0.985	
294.000	1.019	1.004	0.985	
295.000	1.019	1.004	0.986	
296.000	1.019	1.004	0.985	
297.000	1.019	1.004	0.985	
298.000	1.020	1.004	0.986	
299.000	1.019	1.005	0.988	
300.000	1.018	1.004	0.988	
301.000	1.015	1.005	0.992	
302.000	1.015	1.005	0.993	
303.000	1.016	1.006	0.993	
304.000	1.015	1.005	0.992	
305.000	1.015	1.005	0.993	
306.000	1.016	1.005	0.992	
307.000	1.016	1.006	0.992	
308.000	1.016	1.006	0.992	
309.000	1.015	1.005	0.993	
310.000	1.015	1.005	0.993	
311.000	1.017	1.006	0.992	
312.000	1.015	1.005	0.992	
313.000	1.015	1.005	0.992	
314.000	1.015	1.005	0.992	
315.000	1.016	1.005	0.992	
316.000	1.017	1.005	0.991	
317.000	1.019	1.006	0.989	
318.000	1.019	1.006	0.989	
319.000	1.017	1.005	0.990	
320.000	1.017	1.005	0.990	
321.000	1.016	1.005	0.990	
322.000	1.017	1.005	0.990	
323.000	1.017	1.004	0.989	
324.000	1.016	1.005	0.991	
325.000	1.016	1.005	0.991	
326.000	1.017	1.005	0.991	
327.000	1.016	1.005	0.992	
328.000	1.015	1.005	0.993	
329.000	1.015	1.005	0.993	
330.000	1.016	1.006	0.993	
331.000	1.016	1.006	0.992	
332.000	1.015	1.005	0.991	
333.000	1.015	1.005	0.991	
334.000	1.015	1.005	0.991	
335.000	1.015	1.005	0.991	
336.000	1.015	1.005	0.991	
337.000	1.015	1.005	0.991	
338.000	1.015	1.005	0.990	
339.000	1.015	1.005	0.990	
340.000	1.015	1.005	0.990	
341.000	1.016	1.006	0.992	
342.000	1.015	1.006	0.991	
343.000	1.015	1.005	0.991	
344.000	1.014	1.005	0.991	
345.000	1.014	1.005	0.991	
346.000	1.015	1.005	0.991	
347.000	1.015	1.005	0.991	
348.000	1.015	1.005	0.991	
349.000	1.015	1.006	0.992	
350.000	1.012	1.004	0.993	
351.000	1.012	1.004	0.993	
352.000	1.013	1.005	0.993	
353.000	1.013	1.005	0.993	
354.000	1.012	1.005	0.995	
355.000	1.011	1.005	0.994	
356.000	1.011	1.004	0.993	
357.000	1.011	1.005	0.994	
358.000	1.011	1.005	0.994	
359.000	1.012	1.005	0.994	
360.000	1.012	1.005	0.994	
361.000	1.012	1.006	0.994	
362.000	1.012	1.006	0.994	
363.000	1.012	1.006	0.994	
364.000	1.012	1.006	0.994	
365.000	1.013	1.006	0.994	
366.000	1.013	1.007	0.996	
367.000	1.013	1.007	0.996	
368.000	1.013	1.007	0.996	
369.000	1.013	1.007	0.996	
370.000	1.014	1.008	0.997	
371.000	1.014	1.008	0.997	
372.000	1.014	1.008	0.997	
373.000	1.014	1.008	0.997	
374.000	1.012	1.007	0.998	
375.000	1.012	1.007	0.998	
376.000	1.012	1.007	0.998	
377.000	1.012	1.007	0.998	
378.000	1.010	1.006	0.999	
379.000	1.012	1.006	0.998	
380.000	1.012	1.006	0.998	
381.000	1.008	1.003	0.998	
382.000	1.008	1.003	0.998	
383.000	1.008	1.003	0.998	
384.000	1.008	1.003	0.999	
385.000	1.008	1.003	0.999	
386.000	1.008	1.003	1.000	
387.000	1.008	1.003	1.000	
388.000	1.007	1.003	0.999	
389.000	1.007	1.003	0.999	
390.000	1.005	1.002	1.001	
391.000	1.005	1.002	1.001	
392.000	1.005	1.002	1.000	
393.000	1.005	1.002	0.999	
394.000	1.005	1.002	1.000	
395.000	1.003	1.000	0.999	
396.000	1.003	1.000	0.999	
397.000	1.002	0.999	0.998	
398.000	1.002	0.999	0.998	
399.000	1.001	0.998	0.997	
400.000	1.001	0.998	0.997	
401.000	1.001	0.999	0.998	
402.000	1.001	0.999	0.998	
403.000	1.002	0.999	0.999	
404.000	1.002	0.999	0.999	
405.000	1.002	0.999	0.998	
406.000	1.002	0.999	0.997	
407.000	0.999	0.998	0.996	
408.000	0.999	0.998	0.996	
409.000	0.999	0.998	0.996	
410.000	1.001	0.998	0.996	
411.000	1.001	0.998	0.996	
412.000	1.002	0.999	0.996	
413.000	1.002	0.999	0.996	
414.000	1.002	0.998	0.996	
415.000	1.002	0.999	0.997	
416.000	1.002	0.999	0.997	
417.000	1.002	0.999	0.997	
418.000	1.000	0.999	0.998	
419.000	1.000	0.999	0.998	
420.000	1.001	0.999	0.998	
421.000	1.001	0.999	0.998	
422.000	1.001	0.999	0.998	
423.000	1.001	1.000	0.999	
424.000	1.001	1.000	0.999	
425.000	1.001	1.000	0.999	
426.000	0.998	0.998	0.998	
427.000	0.998	0.998	0.998	
428.000	0.998	0.998	0.999	
429.000	0.998	0.998	0.999	
430.000	0.998	0.998	0.999	
431.000	0.996	0.997	0.998	
432.000	0.996	0.997	0.999	
433.000	0.997	0.997	0.999	
434.000	0.997	0.997	0.999	
435.000	0.997	0.997	0.999	
436.000	0.996	0.998	1.000	
437.000	0.997	0.998	1.000	
438.000	0.998	0.998	0.999	
439.000	0.998	0.998	0.999	
440.000	0.998	0.998	0.999	
441.000	0.999	0.999	0.999	
442.000	0.999	0.999	0.999	
443.000	0.998	0.998	0.999	
444.000	0.998	0.998	0.998	
445.000	0.998	0.998	0.998	
446.000	0.997	0.998	0.999	
447.000	0.997	0.998	0.999	
448.000	0.997	0.998	0.999	
449.000	0.997	0.998	0.999	
450.000	0.998	0.999	1.000	
451.000	0.998	0.999	1.000	
452.000	0.998	0.999	1.000	
453.000	0.998	0.998	0.999	
454.000	0.998	0.998	0.998	
455.000	0.998	0.998	0.999	
456.000	0.998	0.998	0.999	
457.000	0.998	0.998	0.999	
458.000	0.997	0.997	0.998	
459.000	0.997	0.997	0.998	
460.000	0.997	0.997	0.998	
461.000	0.997	0.997	0.998	
462.000	0.996	0.997	0.998	
463.000	0.996	0.997	0.999	
464.000	0.996	0.997	0.999	
465.000	0.998	0.997	0.997	
466.000	0.997	0.997	0.998	
467.000	0.997	0.997	0.998	
468.000	0.997	0.997	0.998	
469.000	0.997	0.997	0.998	
470.000	0.997	0.997	0.998	
471.000	0.997	0.998	0.999	
472.000	0.998	0.998	0.999	
473.000	0.998	0.998	0.999	
474.000	0.998	0.998	0.999	
475.000	0.998	0.998	0.999	
476.000	0.998	0.998	0.999	
477.000	0.998	0.998	0.999	
478.000	0.997	0.998	0.999	
479.000	0.997	0.998	0.999	
480.000	0.997	0.998	0.999	
481.000	0.998	0.999	0.999	
482.000	0.998	0.999	0.999	
483.000	0.998	0.999	0.999	
484.000	0.998	0.999	1.000	
485.000	0.998	0.999	1.000	
486.000	0.998	0.999	0.999	
487.000	0.998	0.999	0.999	
488.000	0.998	0.999	0.999	
489.000	0.997	0.998	0.999	
490.000	0.997	0.998	0.999	
491.000	0.997	0.998	0.999	
492.000	0.998	0.998	0.998	
493.000	0.997	0.997	0.996	
494.000	0.997	0.997	0.996	
495.000	0.997	0.997	0.996	
496.000	0.997	0.997	0.996	
497.000	0.998	0.997	0.996	
498.000	0.998	0.997	0.996	
499.000	0.996	0.996	0.996	
500.000	0.996	0.996	0.996	
501.000	0.996	0.997	0.998	
502.000	0.996	0.997	0.998	
503.000	0.995	0.997	0.998	
504.000	0.995	0.997	1.000	
505.000	0.995	0.997	1.000	
506.000	0.995	0.997	0.999	
507.000	0.995	0.997	0.999	
508.000	0.995	0.997	0.999	
509.000	0.996	0.997	0.999	
510.000	0.996	0.997	0.999	
511.000	0.997	0.998	0.999	
512.000	0.996	0.997	0.999	
513.000	0.997	0.998	1.000	
514.000	0.998	0.998	0.999	
515.000	0.997	0.998	1.000	
516.000	0.997	0.998	1.000	
517.000	0.997	0.998	1.000	
518.000	0.997	0.998	1.000	
519.000	0.997	0.998	1.000	
520.000	0.997	0.998	1.000	
521.000	0.996	0.998	1.001	
522.000	0.996	0.997	1.000	
523.000	0.995	0.997	1.000	
524.000	0.995	0.997	1.000	
525.000	0.995	0.997	1.001	
526.000	0.995	0.997	1.001	
527.000	0.995	0.997	1.001	
528.000	0.995	0.997	1.001	
529.000	0.996	0.997	1.001	
530.000	0.995	0.997	1.000	
531.000	0.995	0.997	1.002	
532.000	0.995	0.998	1.002	
533.000	0.995	0.998	1.003	
534.000	0.995	0.998	1.002	
535.000	0.996	0.998	1.001	
536.000	0.997	0.998	1.001	
537.000	0.996	0.998	1.000	
538.000	0.996	0.998	1.000	
539.000	0.996	0.997	0.999	
540.000	0.997	0.998	0.999	
541.000	0.997	0.998	0.999	
542.000	0.997	0.998	0.999	
543.000	0.997	0.998	0.999	
544.000	0.998	0.998	0.999	
545.000	0.998	0.998	0.999	
546.000	0.998	0.998	0.999	
547.000	0.997	0.998	1.000	
548.000	0.997	0.998	1.000	
549.000	0.995	0.998	1.001	
550.000	0.996	0.998	1.001	
551.000	0.996	0.998	1.000	
552.000	0.996	0.998	1.000	
553.000	0.996	0.998	1.000	
554.000	0.995	0.997	0.999	
555.000	0.995	0.997	0.999	
556.000	0.995	0.997	0.999	
557.000	0.995	0.997	0.999	
558.000	0.995	0.997	0.998	
559.000	0.995	0.997	0.998	
560.000	0.995	0.997	0.998	
561.000	0.995	0.997	0.998	
562.000	0.994	0.996	0.998	
563.000	0.995	0.996	0.998	
564.000	0.995	0.996	0.999	
565.000	0.995	0.996	0.997	
566.000	0.995	0.996	0.997	
567.000	0.995	0.996	0.997	
568.000	0.995	0.996	0.998	
569.000	0.995	0.996	0.998	
570.000	0.995	0.997	0.998	
571.000	0.995	0.997	0.998	
572.000	0.995	0.997	0.998	
573.000	0.995	0.997	0.999	
574.000	0.995	0.997	0.999	
575.000	0.995	0.997	0.999	
576.000	0.995	0.997	0.999	
577.000	0.995	0.997	0.999	
578.000	0.995	0.998	1.000	
579.000	0.995	0.997	0.999	
580.000	0.995	0.998	1.000	
581.000	0.995	0.998	1.000	
582.000	0.995	0.998	1.000	
583.000	0.996	0.998	1.001	
584.000	0.996	0.998	1.001	
585.000	0.997	0.999	1.001	
586.000	0.997	0.999	1.001	
587.000	0.997	0.999	1.001	
588.000	0.997	0.999	1.001	
589.000	0.997	0.999	1.000	
590.000	0.997	0.999	1.000	
591.000	0.997	0.997	0.998	
592.000	0.997	0.997	0.998	
593.000	0.998	0.997	0.998	
594.000	0.998	0.997	0.997	
595.000	0.998	0.997	0.997	
596.000	0.998	0.997	0.997	
597.000	0.998	0.997	0.997	
598.000	0.998	0.997	0.997	
599.000	0.998	0.997	0.996	
600.000	0.996	0.997	0.997	
601.000	0.996	0.997	0.997	
602.000	0.997	0.997	0.997	
603.000	0.997	0.997	0.997	
604.000	0.997	0.997	0.997	
605.000	0.998	0.998	0.998	
606.000	0.998	0.998	0.998	
607.000	0.998	0.998	0.998	
608.000	0.998	0.998	0.998	
609.000	0.998	0.999	0.998	
610.000	0.998	0.998	0.998	
611.000	0.998	0.998	0.998	
612.000	0.999	0.999	0.999	
613.000	0.999	0.999	0.999	
614.000	0.998	0.999	0.999	
615.000	0.999	0.999	0.999	
616.000	0.999	1.000	0.999	
617.000	0.999	1.000	0.999	
618.000	0.999	1.000	0.999	
619.000	0.999	1.000	0.999	
620.000	0.999	0.999	0.999	
621.000	0.999	0.999	0.999	
622.000	0.999	0.999	0.999	
623.000	0.999	0.999	0.999	
624.000	0.999	0.999	0.999	
625.000	0.999	0.999	0.999	
626.000	0.999	0.999	0.999	
627.000	0.999	0.999	0.998	
628.000	0.999	0.999	0.999	
629.000	0.999	0.999	0.998	
630.000	0.999	0.998	0.998	
631.000	0.998	0.998	0.998	
632.000	0.998	0.998	0.998	
633.000	0.998	0.999	0.998	
634.000	0.998	0.999	0.998	
635.000	0.998	0.999	0.998	
636.000	0.998	0.999	0.998	
637.000	0.999	0.999	0.999	
638.000	0.999	0.999	0.999	
639.000	0.999	0.999	0.999	
640.000	0.999	0.999	0.999	
641.000	0.998	0.999	1.000	
642.000	0.999	1.000	1.000	
643.000	0.999	1.000	1.000	
644.000	0.999	1.000	1.000	
645.000	0.998	1.000	1.001	
646.000	0.999	1.000	1.001	
647.000	0.999	1.000	1.000	
648.000	0.999	1.000	1.000	
649.000	0.999	1.000	1.000	
650.000	0.999	1.000	1.000	
651.000	0.999	1.000	1.000	
652.000	0.998	0.999	0.999	
653.000	0.998	0.999	0.999	
654.000	0.999	0.999	0.999	
655.000	0.999	0.999	0.999	
656.000	0.999	0.999	0.999	
657.000	1.000	0.999	0.999	
658.000	1.000	0.999	0.998	
659.000	1.000	0.999	0.998	
660.000	1.000	0.999	0.998	
661.000	1.000	0.999	0.998	
662.000	1.000	0.999	0.998	
663.000	1.000	0.999	0.998	
664.000	1.000	0.999	0.998	
665.000	0.999	0.999	0.998	
666.000	0.999	0.999	0.998	
667.000	1.000	1.000	0.999	
668.000	1.000	1.000	0.999	
669.000	1.001	1.000	0.999	
670.000	1.001	1.000	0.999	
671.000	1.001	1.000	1.000	
672.000	1.002	1.000	0.999	
673.000	1.002	1.000	0.999	
674.000	1.002	1.000	0.999	
675.000	1.002	1.000	0.999	
676.000	1.002	1.000	0.999	
677.000	1.002	1.000	0.999	
678.000	1.000	1.000	0.999	
679.000	1.000	1.000	0.999	
680.000	1.000	0.999	0.998	
681.000	1.000	0.999	0.998	
682.000	1.000	0.999	0.998	
683.000	1.001	1.000	0.999	
684.000	1.000	1.000	0.999	
685.000	1.000	1.000	0.999	
686.000	1.001	1.000	0.999	
687.000	1.001	1.000	1.000	
688.000	1.001	1.000	1.000	
689.000	1.001	1.001	1.000	
690.000	1.001	1.001	1.000	
691.000	1.001	1.001	1.000	
692.000	1.002	1.001	1.001	
693.000	1.001	1.002	1.002	
694.000	1.001	1.001	1.002	
695.000	1.001	1.001	1.002	
696.000	1.001	1.001	1.002	
697.000	1.001	1.001	1.002	
698.000	1.001	1.001	1.002	
699.000	1.001	1.002	1.002	
700.000	1.001	1.002	1.002	
701.000	1.001	1.002	1.002	
702.000	1.001	1.002	1.003	
703.000	1.001	1.002	1.003	
704.000	1.001	1.002	1.003	
705.000	1.001	1.001	1.002	
706.000	1.001	1.001	1.002	
707.000	1.000	1.001	1.002	
708.000	1.000	1.001	1.003	
709.000	1.001	1.001	1.002	
710.000	1.000	1.001	1.002	
711.000	1.000	1.001	1.002	
712.000	1.000	1.001	1.002	
713.000	1.001	1.001	1.001	
714.000	1.001	1.001	1.001	
715.000	1.001	1.001	1.001	
716.000	1.001	1.001	1.001	
717.000	1.000	1.000	1.001	
718.000	1.000	1.000	1.000	
719.000	0.999	0.999	1.000	
720.000	0.998	0.999	1.000	
721.000	0.999	0.999	0.999	
722.000	0.999	0.999	1.000	
723.000	1.000	1.000	1.000	
724.000	1.000	1.000	1.000	
725.000	1.000	1.000	1.000	
726.000	1.000	1.000	1.000	
727.000	1.000	1.000	1.000	
728.000	1.000	1.000	1.000	
729.000	1.001	1.000	1.001	
730.000	1.001	1.000	1.001	
731.000	1.001	1.000	1.001	
732.000	1.001	1.000	1.001	
733.000	1.001	1.000	1.001	
734.000	1.001	1.000	1.001	
735.000	1.001	1.000	1.001	
736.000	1.001	1.000	1.001	
737.000	1.001	1.000	1.001	
738.000	1.001	1.000	1.000	
739.000	1.001	1.001	1.001	
740.000	1.001	1.001	1.001	
741.000	1.001	1.001	1.001	
742.000	1.001	1.001	1.001	
743.000	1.001	1.001	1.001	
744.000	1.001	1.001	1.001	
745.000	1.002	1.001	1.001	
746.000	1.002	1.001	1.001	
747.000	1.002	1.001	1.001	
748.000	1.002	1.001	1.000	
749.000	1.002	1.000	0.999	
750.000	1.002	1.000	0.999	
751.000	1.001	1.000	0.998	
752.000	1.001	0.999	0.997	
753.000	1.001	0.999	0.997	
754.000	1.001	0.999	0.997	
755.000	1.001	0.999	0.997	
756.000	1.001	0.999	0.997	
757.000	1.001	0.999	0.997	
758.000	1.000	0.999	0.997	
759.000	1.000	0.999	0.997	
760.000	1.000	0.999	0.997	
761.000	1.001	0.999	0.997	
762.000	1.001	0.999	0.997	
763.000	1.000	0.999	0.996	
764.000	1.000	0.999	0.998	
765.000	1.000	0.999	0.997	
766.000	1.000	0.999	0.997	
767.000	1.001	0.999	0.997	
768.000	1.000	0.999	0.997	
769.000	1.000	0.999	0.997	
770.000	1.000	0.999	0.997	
771.000	1.001	0.999	0.997	
772.000	1.001	0.999	0.997	
773.000	1.001	0.999	0.997	
774.000	1.001	0.999	0.997	
775.000	1.002	1.000	0.998	
776.000	1.002	0.999	0.997	
777.000	1.002	1.000	0.998	
778.000	1.001	1.000	0.998	
779.000	1.002	1.000	0.998	
780.000	1.002	1.000	0.998	
781.000	1.002	1.000	0.998	
782.000	1.001	1.000	0.998	
783.000	1.002	1.000	0.998	
784.000	1.002	1.000	0.997	
785.000	1.002	1.000	0.997	
786.000	1.002	1.000	0.997	
787.000	1.002	1.000	0.997	
788.000	1.002	1.000	0.997	
789.000	1.002	1.000	0.997	
790.000	1.002	1.000	0.997	
791.000	1.001	1.000	0.997	
792.000	1.001	1.000	0.998	
793.000	1.002	1.000	0.998	
794.000	1.002	1.001	0.999	
795.000	1.001	1.000	0.999	
796.000	1.001	1.000	0.999	
797.000	1.000	1.000	0.998	
798.000	1.000	1.000	0.998	
799.000	1.000	1.000	0.998	
800.000	1.000	1.000	0.998	
801.000	1.000	1.000	0.999	
802.000	1.000	1.000	0.999	
803.000	1.000	1.000	0.999	
804.000	1.001	1.000	0.999	
805.000	1.000	0.999	0.998	
806.000	1.000	0.999	0.998	
807.000	1.000	1.000	0.999	
808.000	1.000	1.000	0.999	
809.000	1.000	1.000	0.999	
810.000	1.000	1.000	0.999	
811.000	1.000	1.000	0.999	
812.000	1.000	1.000	0.999	
813.000	1.000	1.000	0.999	
814.000	1.000	1.000	0.999	
815.000	1.000	1.000	0.999	
816.000	0.998	0.999	0.999	
817.000	0.998	0.999	0.999	
818.000	0.998	0.999	0.999	
819.000	0.998	0.999	0.999	
820.000	0.998	0.998	0.999	
821.000	0.998	0.999	0.999	
822.000	0.998	0.999	0.999	
823.000	0.998	0.999	0.999	
824.000	0.998	0.999	0.998	
825.000	0.999	0.999	0.998	
826.000	0.999	0.999	0.998	
827.000	0.999	0.999	0.998	
828.000	0.999	0.999	0.999	
829.000	0.999	0.999	0.999	
830.000	0.999	0.999	0.999	
831.000	0.999	0.999	0.999	
832.000	0.999	0.999	0.999	
833.000	0.999	0.999	0.999	
834.000	0.999	0.999	0.999	
835.000	0.999	0.999	0.999	
836.000	0.999	0.999	0.999	
837.000	0.999	0.999	0.999	
838.000	0.999	0.999	0.999	
839.000	0.999	0.999	0.999	
840.000	0.999	0.999	0.999	
841.000	0.999	0.999	0.999	
842.000	0.998	0.999	0.999	
843.000	0.998	0.999	0.999	
844.000	0.998	0.999	0.999	
845.000	0.997	0.998	1.000	
846.000	0.997	0.998	1.000	
847.000	0.997	0.998	0.999	
848.000	0.997	0.998	0.999	
849.000	0.997	0.998	0.999	
850.000	0.997	0.999	1.000	
851.000	0.997	0.999	1.000	
852.000	0.997	0.999	1.000	
853.000	0.997	0.999	1.000	
854.000	0.997	0.999	1.000	
855.000	0.997	0.999	1.000	
856.000	0.997	0.998	0.999	
857.000	0.997	0.998	0.999	
858.000	0.997	0.998	0.999	
859.000	0.997	0.998	0.999	
860.000	0.997	0.998	0.999	
861.000	0.997	0.998	0.998	
862.000	0.997	0.998	0.998	
863.000	0.997	0.998	0.998	
864.000	0.997	0.998	0.998	
865.000	0.998	0.999	0.998	
866.000	0.998	0.998	0.998	
867.000	0.998	0.998	0.998	
868.000	0.998	0.999	0.999	
869.000	0.998	0.999	0.999	
870.000	0.998	0.999	0.999	
871.000	0.998	0.999	0.999	
872.000	0.997	0.998	0.999	
873.000	0.997	0.998	0.998	
874.000	0.997	0.998	0.998	
875.000	0.997	0.998	0.998	
876.000	0.997	0.998	0.998	
877.000	0.997	0.998	0.998	
878.000	0.997	0.998	0.998	
879.000	0.997	0.998	0.998	
880.000	0.997	0.998	0.998	
881.000	0.997	0.998	0.997	
882.000	0.997	0.997	0.997	
883.000	0.997	0.997	0.997	
884.000	0.997	0.997	0.997	
885.000	0.997	0.997	0.996	
886.000	0.997	0.997	0.996	
887.000	0.997	0.997	0.996	
888.000	0.997	0.997	0.996	
889.000	0.997	0.997	0.996	
890.000	0.997	0.997	0.996	
891.000	0.997	0.997	0.996	
892.000	0.997	0.997	0.996	
893.000	0.998	0.997	0.996	
894.000	0.998	0.997	0.996	
895.000	0.998	0.997	0.996	
896.000	0.998	0.997	0.996	
897.000	0.998	0.997	0.996	
898.000	0.998	0.997	0.996	
899.000	0.998	0.997	0.996	
900.000	0.998	0.997	0.996	
901.000	0.998	0.997	0.996	
902.000	0.998	0.997	0.996	
903.000	0.998	0.997	0.996	
904.000	0.998	0.997	0.996	
905.000	0.998	0.997	0.996	
906.000	0.998	0.997	0.996	
907.000	0.998	0.997	0.996	
908.000	0.998	0.998	0.996	
909.000	0.998	0.998	0.996	
910.000	0.998	0.998	0.996	
911.000	0.998	0.998	0.996	
912.000	0.998	0.998	0.996	
913.000	0.998	0.998	0.996	
914.000	0.998	0.998	0.996	
915.000	0.998	0.998	0.996	
916.000	0.998	0.998	0.996	
917.000	0.998	0.998	0.996	
918.000	0.998	0.998	0.996	
919.000	0.998	0.998	0.996	
920.000	0.998	0.998	0.996	
921.000	0.998	0.997	0.996	
922.000	0.998	0.997	0.996	
923.000	0.998	0.997	0.996	
924.000	0.998	0.998	0.996	
925.000	0.998	0.998	0.996	
926.000	0.998	0.998	0.996	
927.000	0.998	0.998	0.996	
928.000	0.998	0.998	0.996	
929.000	0.998	0.998	0.996	
930.000	0.998	0.998	0.996	
931.000	0.998	0.998	0.996	
932.000	0.998	0.998	0.996	
933.000	0.999	0.998	0.996	
934.000	0.998	0.998	0.996	
935.000	0.998	0.998	0.996	
936.000	0.998	0.998	0.996	
937.000	0.998	0.998	0.996	
938.000	0.998	0.998	0.996	
939.000	0.998	0.998	0.996	
940.000	0.998	0.998	0.996	
941.000	0.999	0.998	0.996	
942.000	0.999	0.998	0.996	
943.000	0.999	0.999	0.997	
944.000	0.999	0.999	0.996	
945.000	1.000	0.999	0.997	
946.000	1.000	0.999	0.997	
947.000	1.000	0.999	0.997	
948.000	1.000	0.999	0.997	
949.000	1.001	0.999	0.997	
950.000	1.001	1.000	0.997	
951.000	1.000	0.999	0.997	
952.000	1.001	0.999	0.997	
953.000	1.001	0.999	0.997	
954.000	1.001	0.999	0.997	
955.000	1.000	0.999	0.997	
956.000	1.000	0.999	0.997	
957.000	1.000	0.999	0.997	
958.000	1.000	0.999	0.997	
959.000	1.000	1.000	0.997	
960.000	1.000	0.999	0.997	
961.000	1.000	0.999	0.997	
962.000	1.000	0.999	0.997	
963.000	0.999	0.999	0.997	
964.000	1.000	0.999	0.997	
965.000	1.000	0.999	0.997	
966.000	1.000	0.999	0.997	
967.000	1.000	0.999	0.997	
968.000	1.000	0.999	0.997	
969.000	1.000	0.999	0.997	
970.000	1.000	0.999	0.997	
971.000	1.000	0.999	0.997	
972.000	1.000	0.999	0.997	
973.000	1.000	1.000	0.997	
974.000	1.000	0.999	0.997	
975.000	1.000	0.999	0.997	
976.000	1.000	0.999	0.997	
977.000	1.000	1.000	0.998	
978.000	0.998	0.999	0.998	
979.000	0.998	0.999	0.998	
980.000	0.998	0.999	0.998	
981.000	0.998	0.999	0.998	
982.000	0.998	0.999	0.998	
983.000	0.999	0.999	0.998	
984.000	0.999	0.999	0.998	
985.000	0.999	0.999	0.998	
986.000	0.999	0.999	0.998	
987.000	0.999	0.999	0.998	
988.000	0.999	0.999	0.998	
989.000	0.999	0.999	0.998	
990.000	0.999	0.999	0.998	
991.000	0.999	0.999	0.998	
992.000	0.999	0.999	0.999	
993.000	0.999	0.999	1.000	
994.000	0.999	0.999	0.999	
995.000	0.999	0.999	0.999	
996.000	0.999	0.999	1.000	
997.000	0.999	1.000	1.000	
998.000	0.999	1.000	1.000	
999.000	0.999	1.000	1.000	
1000.000	1.000	1.000	1.000	