6
19
field	p1	p2	p3	p4	p5
20	-.65	3.30	1.17	.82	5.51
30	-.00	4.37	1.82	1.51	7.64
40	-.04	6.65	3.66	3.48	13.79
50	.11	8.88	5.94	6.44	21.13
60	-.06	11.39	8.95	11.01	31.21
70	-.08	13.44	12.01	16.58	42.06
80	.22	15.93	15.91	24.37	56.30
90	-.00	17.88	19.34	32.54	70.31
100	.22	20.12	23.40	44.04	86.61
110	-.01	21.78	26.94	55.37	104.92
120	1.04	24.19	31.80	70.99	127.64
130	.55	25.84	35.62	86.53	148.90
140	.68	27.85	40.18	105.91	176.00
150	1.82	29.22	43.78	125.34	200.98
160	1.79	31.13	48.39	149.20	231.40
170	.73	32.86	52.92	180.38	265.53
180	.94	34.22	56.93	207.28	298.58
190	.93	35.24	59.98	231.93	332.00
200	1.209	37.07	64.72	266.84	371.91