ษอออออออออออออออออออออออออออออออออออออออออออออออออออออออออออออออออออออออออป
บ   N    E     e       ex      ey       e*e     v      vx     vy     vd   บ
วฤฤฤฤฤฤฤฤฤฤฤฤฤฤฤฤฤฤฤฤฤฤฤฤฤฤฤฤฤฤฤฤฤฤฤฤฤฤฤฤฤฤฤฤฤฤฤฤฤฤฤฤฤฤฤฤฤฤฤฤฤฤฤฤฤฤฤฤฤฤฤฤฤถ
บ   1   35  13.124   4.874   8.251   267.620  3.367  1.777  2.593   .599  บ
บ   2   40  14.134   5.356   8.778   312.661  3.504  1.850  2.656   .685  บ
บ   3   45  14.954   5.791   9.163   365.902  3.580  1.951  2.723   .779  บ
บ   4   50  16.050   6.327   9.723   424.390  3.720  2.004  2.787   .863  บ
บ   5   55  16.979   6.717  10.262   482.322  3.817  2.094  2.842   .946  บ
บ   6   60  18.035   7.397  10.638   557.806  3.928  2.181  2.904  1.036  บ
บ   7   65  19.223   8.045  11.178   635.590  4.028  2.256  2.957  1.133  บ
บ   8   70  20.193   8.608  11.584   716.627  4.142  2.348  3.019  1.227  บ
บ   9   75  21.473   9.326  12.147   813.905  4.242  2.428  3.101  1.309  บ
บ  10   80  22.711  10.040  12.671   921.041  4.335  2.529  3.145  1.406  บ
บ  11   85  23.934  10.728  13.206  1033.780  4.445  2.584  3.210  1.489  บ
บ  12   90  25.133  11.527  13.606  1151.609  4.591  2.681  3.251  1.592  บ
บ  13   95  26.316  12.174  14.142  1284.203  4.693  2.756  3.310  1.671  บ
บ  14  100  27.504  12.960  14.544  1431.158  4.742  2.839  3.349  1.757  บ
บ  15  105  28.791  13.733  15.058  1569.152  4.894  2.950  3.405  1.844  บ
บ  16  110  29.978  14.512  15.466  1734.748  4.988  3.031  3.445  1.952  บ
บ  17  115  31.340  15.247  16.092  1908.168  5.093  3.124  3.492  2.038  บ
บ  18  120  32.858  16.322  16.536  2106.657  5.187  3.201  3.571  2.124  บ
บ  19  125  34.188  17.228  16.960  2299.456  5.285  3.258  3.578  2.217  บ
บ  20  130  35.625  18.153  17.472  2521.739  5.387  3.343  3.625  2.301  บ
บ  21  135  36.817  18.839  17.979  2741.594  5.468  3.454  3.691  2.413  บ
บ  22  140  38.631  20.134  18.497  3021.818  5.599  3.524  3.754  2.493  บ
บ  23  145  39.706  20.760  18.946  3232.548  5.667  3.621  3.779  2.579  บ
บ  24  150  41.456  21.791  19.665  3539.047  5.785  3.707  3.845  2.670  บ
บ  25  155  43.146  23.220  19.926  3748.915  5.868  3.802  3.865  2.736  บ
บ  26  160  44.565  23.986  20.579  4134.356  5.958  3.873  3.908  2.846  บ
บ  27  165  46.283  25.338  20.945  4484.932  6.124  3.971  3.949  2.908  บ
บ  28  170  47.656  26.193  21.463  4759.527  6.153  4.060  3.977  3.026  บ
บ  29  175  49.675  27.695  21.980  5217.634  6.272  4.112  4.037  3.094  บ
บ  30  180  51.329  28.841  22.488  5513.786  6.400  4.214  4.061  3.198  บ
บ  31  185  52.765  29.861  22.904  5906.170  6.483  4.325  4.094  3.291  บ
บ  32  190  54.585  31.117  23.468  6439.440  6.594  4.425  4.140  3.365  บ
บ  33  195  56.186  32.186  24.000  6857.797  6.683  4.518  4.202  3.487  บ
บ  34  200  57.986  33.474  24.512  7141.444  6.784  4.592  4.220  3.531  บ
ศอออออออออออออออออออออออออออออออออออออออออออออออออออออออออออออออออออออออออผ

