ษออออออออออออออออออออออออออออออออออออออออออออออออออออออออออออออออออออออออป
บ   N    E     e      ftot    fel   fex     fio   stot    sel  sex  sio  บ
วฤฤฤฤฤฤฤฤฤฤฤฤฤฤฤฤฤฤฤฤฤฤฤฤฤฤฤฤฤฤฤฤฤฤฤฤฤฤฤฤฤฤฤฤฤฤฤฤฤฤฤฤฤฤฤฤฤฤฤฤฤฤฤฤฤฤฤฤฤฤฤฤถ
บ   1   35  13.124  42.426 41.726   .523   .214 13.794 13.671 .099 .035  บ
บ   2   40  14.134  42.733 41.860   .623   .295 13.560 13.410 .116 .047  บ
บ   3   45  14.954  43.078 42.012   .741   .389 13.317 13.137 .130 .061  บ
บ   4   50  16.050  43.351 42.085   .851   .488 13.099 12.890 .147 .073  บ
บ   5   55  16.979  43.570 42.105   .957   .593 12.899 12.662 .163 .088  บ
บ   6   60  18.035  43.883 42.194  1.071   .724 12.687 12.418 .180 .103  บ
บ   7   65  19.223  44.111 42.206  1.177   .842 12.498 12.077 .195 .121  บ
บ   8   70  20.193  44.368 42.216  1.296   .968 12.284 11.953 .212 .139  บ
บ   9   75  21.473  44.583 42.207  1.399  1.113 12.105 11.627 .226 .154  บ
บ  10   80  22.711  44.785 42.196  1.492  1.257 11.951 11.448 .238 .172  บ
บ  11   85  23.934  45.041 42.206  1.600  1.412 11.647 11.235 .252 .189  บ
บ  12   90  25.133  45.231 42.150  1.706  1.554 11.486 11.044 .265 .205  บ
บ  13   95  26.316  45.444 42.131  1.802  1.705 11.325 10.856 .276 .224  บ
บ  14  100  27.504  45.599 42.051  1.880  1.843 11.186 10.690 .285 .237  บ
บ  15  105  28.791  45.809 42.016  1.978  2.003 11.034 10.512 .296 .257  บ
บ  16  110  29.978  45.991 41.982  2.079  2.150 10.903 10.357 .302 .273  บ
บ  17  115  31.340  46.161 41.895  2.159  2.321 10.761 10.187 .316 .289  บ
บ  18  120  32.858  46.360 41.878  2.263  2.488 10.631 10.034 .325 .307  บ
บ  19  125  34.188  46.542 41.832  2.324  2.623 10.504  9.885 .334 .323  บ
บ  20  130  35.625  46.701 41.752  2.410  2.790 10.379  9.737 .342 .336  บ
บ  21  135  36.817  46.816 41.670  2.502  2.930 10.288  9.627 .348 .349  บ
บ  22  140  38.631  47.050 41.600  2.588  3.113 10.123  9.432 .356 .367  บ
บ  23  145  39.706  47.176 41.159  2.637  3.224 10.055  9.351 .359 .380  บ
บ  24  150  41.456  47.331 41.455  2.735  3.413  9.913  9.090 .372 .394  บ
บ  25  155  43.146  47.437 41.365  2.799  3.587  9.823  8.984 .378 .411  บ
บ  26  160  44.565  47.578 40.893  2.869  3.696  9.726  8.870 .380 .420  บ
บ  27  165  46.283  47.741 41.226  2.946  3.909  9.619  8.744 .390 .435  บ
บ  28  170  47.656  47.886 40.769  3.010  4.011  9.521  8.631 .391 .443  บ
บ  29  175  49.675  48.043 40.664  3.094  4.163  9.408  8.498 .398 .459  บ
บ  30  180  51.329  48.115 40.596  3.137  4.308  9.256  8.431 .404 .477  บ
บ  31  185  52.765  48.222 40.529  3.193  4.435  9.178  8.339 .404 .483  บ
บ  32  190  54.585  48.382 40.467  3.265  4.596  9.153  8.204 .410 .496  บ
บ  33  195  56.186  48.474 40.367  3.327  4.736  8.984  8.113 .415 .507  บ
บ  34  200  57.986  48.624 40.309  3.389  4.895  8.904  8.018 .418 .515  บ
ศออออออออออออออออออออออออออออออออออออออออออออออออออออออออออออออออออออออออผ
