
    N    E     e       fio/e       as      time ( min )

    1    35   13.124     .0056     .1180       52.09
    2    40   14.134     .0074     .1494       50.80
    3    45   14.954     .0095     .1690       49.29
    4    50   16.050     .0112     .2215       50.30
    5    55   16.979     .0133     .3116       52.43
    6    60   18.035     .0154     .3622       52.00
    7    65   19.223     .0176     .3439       53.88
    8    70   20.193     .0200     .4574       53.81
    9    75   21.473     .0221     .5054       56.95
   10    80   22.711     .0244     .5979       56.48
   11    85   23.934     .0264     .4700       60.41
   12    90   25.133     .0284     .6154       61.87
   13    95   26.316     .0305     .7203       63.56
   14   100   27.504     .0321     .6924       63.79
   15   105   28.791     .0341     .8330       67.21
   16   110   29.978     .0360     .8724       68.75
   17   115   31.340     .0376     .8718       71.31
   18   120   32.858     .0397     .8308       72.81
   19   125   34.188     .0413     .8663       75.75
   20   130   35.625     .0430     .8302       75.85
   21   135   36.817     .0444    1.0273       80.66
   22   140   38.631     .0461    1.1975       80.15
   23   145   39.706     .0470     .8381       71.17
   24   150   41.456     .0488    1.2709       84.48
   25   155   43.146     .0500    1.0185       85.84
   26   160   44.565     .0508    1.1360       87.93
   27   165   46.283     .0526    1.1517       90.70
   28   170   47.656     .0533    1.2164       92.99
   29   175   49.675     .0546    1.0336       94.06
   30   180   51.329     .0558    1.2820       96.19
   31   185   52.765     .0562    1.2124       98.39
   32   190   54.585     .0574    1.3274       99.17
   33   195   56.186     .0583    1.3978      101.38
   34   200   57.986     .0593    1.1507      104.47
